

MAERI matchup statistics

1. TERRA

1.1 SST Residuals

   day qsst   mean median    sd   mad   IQR    N
1  Day    0  0.086   0.10 0.586 0.489 0.660 1881
2  Day    1 -0.058  -0.06 0.817 0.712 0.938  638
3  Day    2 -0.388  -0.34 0.847 0.712 0.970  572
4 Nite    0  0.014   0.03 0.478 0.430 0.580 2538
5 Nite    1 -0.370  -0.33 0.746 0.667 0.900 1613
6 Nite    2 -0.834  -0.75 1.246 1.082 1.450 1558
7 Nite    3 -2.290  -1.88 2.229 1.942 2.740 3821

1.2 SST4 Residuals

   day qsst4        mean median        sd      mad    IQR    N
1 Nite     0 -0.02384975   0.02 0.4016173 0.281694 0.3900 2782
2 Nite     1 -0.41502694  -0.36 0.6165320 0.459606 0.6225 1856
3 Nite     2 -1.69395706  -1.38 1.4478697 1.452948 2.1300 4890
4 Nite     3 -5.11000000  -5.11 0.8909545 0.934038 0.6300    2



2. AQUA

2.1 SST residuals


   day qsst   mean median    sd   mad   IQR    N
1  Day    0  0.037  0.028 0.584 0.454 0.609  798
2  Day    1 -0.209 -0.223 0.831 0.660 0.876  249
3  Day    2 -0.556 -0.459 0.986 0.724 1.022  206
4 Nite    0 -0.046 -0.028 0.503 0.437 0.586 1183
5 Nite    1 -0.418 -0.344 0.709 0.652 0.863  776
6 Nite    2 -1.008 -0.900 1.142 1.032 1.413  922
7 Nite    3 -2.229 -1.860 2.128 1.975 2.812 2594

2.2 SST4 residuals


   day qsst4        mean median        sd       mad     IQR    N
1 Nite     0 -0.06778691 -0.029 0.4361306 0.3254307 0.44575 1314
2 Nite     1 -0.48885474 -0.439 0.6346529 0.5240991 0.70400 1012
3 Nite     2 -1.79422872 -1.507 1.3733426 1.3840071 2.02825 3148
4 Nite     3 -5.15900000 -5.159       NaN 0.0000000 0.00000    1


